 <pre>

 Contingency table for Low clouds (octas)
 Selection: ALL    144 stations
Period: 20180601-20180614
Used {12} + 01 02 ... 24
 Limits    1.00000000       2.00000000       3.00000000       4.00000000       5.00000000       6.00000000       7.00000000    
 Each class is data <= limit, the very last > last limit
 Total number of values       37085
                                              OBSERVATION
                                   4328      655      560      411      395      369      828      874 |      8420
                                    679      173      158      122      129      113      297      284 |      1955
                                    438      121      108      102       92       95      248      236 |      1440
                         Tegen      368      147      121      119       93       91      248      228 |      1415
                                    327      130      128      119       96      105      300      250 |      1455
                                    377      145      148      131      141      123      354      349 |      1768
                                    448      216      207      185      189      196      563      618 |      2622
                                   1599     1122     1129      975     1118     1305     4317     6445 |     18010

                    SUM            8564     2709     2559     2164     2253     2397     7155     9284 |     37085
                                              OBSERVATION
                                   4263      643      543      425      371      362      853      880 |      8340
                                    636      182      169      113      153      127      299      284 |      1963
                                    444      156      141       95       90      109      227      230 |      1492
                       CAMSMMR      416      125      117      104      103      102      257      257 |      1481
                                    333      135      139      121      103      105      293      302 |      1531
                                    383      149      147      147      125      137      316      321 |      1725
                                    463      219      210      173      207      198      591      581 |      2642
                                   1626     1100     1093      986     1101     1257     4319     6429 |     17911

                    SUM            8564     2709     2559     2164     2253     2397     7155     9284 |     37085
                                              OBSERVATION
                                   4488      751      615      450      432      425      982     1069 |      9212
                                    644      175      166      159      140      133      352      348 |      2117
                                    468      148      140      112      102       95      285      321 |      1671
                       CAMSNRT      396      139      132      126      111      107      285      246 |      1542
                                    363      155      154      112      108      134      316      261 |      1603
                                    326      147      147      131      143      129      436      340 |      1799
                                    449      230      219      173      192      216      629      685 |      2793
                                   1430      964      986      901     1025     1158     3870     6014 |     16348

                    SUM            8564     2709     2559     2164     2253     2397     7155     9284 |     37085

