 <pre>

 Contingency table for Cloud base (m)
 Selection: ALL    144 stations
Period: 20180601-20180614
Used {00} + 03 06 09 12 15 18 21 24
 Limits    70.0000000       150.000000       300.000000       600.000000       1000.00000       1500.00000       2500.00000       5000.00000    
 Each class is data <= limit, the very last > last limit
 Total number of values       11669
                                                       OBSERVATION
                                    230       91       29       32        5        9       19       25        3 |       443
                                    144      117       58       33       13       18       15       14        2 |       414
                                     98      192      291      137       39       25       24       10        1 |       817
                                     88      171      471      768      217      121       50       34        5 |      1925
                         Tegen       78       78      145      573      691      408      111       73       19 |      2176
                                     44       33       62      174      332      627      151       79       34 |      1536
                                     36       43       39      100       79      209      181       47       16 |       750
                                     20       29       33       69       71       59      103      184       19 |       587
                                    124      103      185      484      467      573      340      396      349 |      3021

                    SUM             862      857     1313     2370     1914     2049      994      862      448 |     11669
                                                       OBSERVATION
                                    250       85       27       23        9       16       12       27        3 |       452
                                    133      120       53       33       14       15       15       13        3 |       399
                                     96      197      293      132       29       22       18        7        2 |       796
                                     89      142      463      766      195      118       63       38        6 |      1880
                       CAMSMMR       64       88      145      590      719      381      102       75       22 |      2186
                                     46       41       56      174      348      630      171       86       27 |      1579
                                     26       39       36       81       76      202      190       56       17 |       723
                                     17       24       35       66       78       58      115      183       25 |       601
                                    141      121      205      505      446      607      308      377      343 |      3053

                    SUM             862      857     1313     2370     1914     2049      994      862      448 |     11669
                                                       OBSERVATION
                                    229       73       23       21        6       12       16       19        4 |       403
                                    132      118       67       35       10       14        6       11        1 |       394
                                     99      202      257      137       27       36       23        9        4 |       794
                                     80      174      464      728      230      119       48       26        4 |      1873
                       CAMSNRT       64       55      140      565      633      366      110       65       24 |      2022
                                     47       42       52      126      318      540      148       67       21 |      1361
                                     28       24       34       82       76      175      157       48       14 |       638
                                     26       25       38       73       66       57      109      179       18 |       591
                                    157      144      238      603      548      730      377      438      358 |      3593

                    SUM             862      857     1313     2370     1914     2049      994      862      448 |     11669

