 <pre>

 Contingency table for Rh2m (%)
 Selection: ALL    160 stations
Period: 20180601-20180614
Used {12} + 01 02 ... 24
 Limits    30.0000000       50.0000000       65.0000000       75.0000000       85.0000000       95.0000000       100.000000    
 Each class is data <= limit, the very last > last limit
 Total number of values       51982
                                              OBSERVATION
                                      0        0        0        0        0        0        0        0 |         0
                                      2      322      171       24        3        0        0        0 |       522
                                      0      708     3190     1530      352       41        0        0 |      5821
                         Tegen        0       94     2212     4396     3008      633       49        0 |     10392
                                      0       13      540     2466     6064     4166      493        0 |     13742
                                      0        0       86      556     3043     8258     3178        0 |     15121
                                      0        0        5       39      272     2063     3608        0 |      5987
                                      0        0        0        0        0       36      361        0 |       397

                    SUM               2     1137     6204     9011    12742    15197     7689        0 |     51982
                                              OBSERVATION
                                      0        0        0        0        0        0        0        0 |         0
                                      2      330      181       21        0        0        0        0 |       534
                                      0      692     3175     1573      356       33        0        0 |      5829
                       CAMSMMR        0       96     2234     4419     3109      670       47        0 |     10575
                                      0       13      506     2442     6022     4313      499        0 |     13795
                                      0        6       99      523     2981     8168     3289        0 |     15066
                                      0        0        9       33      273     1985     3543        0 |      5843
                                      0        0        0        0        1       28      311        0 |       340

                    SUM               2     1137     6204     9011    12742    15197     7689        0 |     51982
                                              OBSERVATION
                                      0        0        0        0        0        0        0        0 |         0
                                      2      327      200       17        1        0        0        0 |       547
                                      0      686     3160     1580      364       44        1        0 |      5835
                       CAMSNRT        0      106     2210     4337     2939      614       39        0 |     10245
                                      0       17      527     2481     6016     3915      464        0 |     13420
                                      0        1      101      561     3118     8477     3200        0 |     15458
                                      0        0        6       35      304     2118     3640        0 |      6103
                                      0        0        0        0        0       29      345        0 |       374

                    SUM               2     1137     6204     9011    12742    15197     7689        0 |     51982

