 <pre>

 Contingency table for Low clouds (octas)
 Selection: Ireland     27 stations
Period: 20180601-20180614
Used {00} + 01 02 ... 24
 Limits    1.00000000       2.00000000       3.00000000       4.00000000       5.00000000       6.00000000       7.00000000    
 Each class is data <= limit, the very last > last limit
 Total number of values        7434
                                              OBSERVATION
                                    620       47       58       39       36       35      103       61 |       999
                                    129       30       25       28       34       25       55       47 |       373
                                     87       28       23       17       22       16       54       52 |       299
                         Tegen      106       28       18       29       19       15       65       41 |       321
                                     84       22       25       23       36       22       71       67 |       350
                                     94       23       32       21       30       21       97       60 |       378
                                    115       31       49       38       45       38      172      119 |       607
                                    434      164      244      172      251      248     1408     1186 |      4107

                    SUM            1669      373      474      367      473      420     2025     1633 |      7434
                                              OBSERVATION
                                    676       62       68       55       51       33      122       79 |      1146
                                    131       24       23       23       29       28       55       52 |       365
                                    112       20       23       18       14       27       58       52 |       324
                       CAMSMMR       87       19       28       20       17        7       64       56 |       298
                                     75       25       26       16       33       20       79       66 |       340
                                     87       18       30       19       28       23       85       61 |       351
                                    111       36       54       37       36       34      153      109 |       570
                                    390      169      222      179      265      248     1409     1158 |      4040

                    SUM            1669      373      474      367      473      420     2025     1633 |      7434
                                              OBSERVATION
                                    723       61       84       60       57       61      175      113 |      1334
                                    143       35       29       33       32       18       78       52 |       420
                                     88       29       26       14       25       20       66       63 |       331
                       CAMSNRT       75       18       30       17       29       14       65       68 |       316
                                     80       17       34       16       22       15       67       63 |       314
                                     83       33       27       19       40       24      104       78 |       408
                                    125       35       37       39       43       38      200      109 |       626
                                    352      145      207      169      225      230     1270     1087 |      3685

                    SUM            1669      373      474      367      473      420     2025     1633 |      7434

