 <pre>

 Contingency table for Cloud base (m)
 Selection: ALL    144 stations
Period: 20180601-20180614
Used {00,12} + 03 06 09 12 15 18 21 24
 Limits    70.0000000       150.000000       300.000000       600.000000       1000.00000       1500.00000       2500.00000       5000.00000    
 Each class is data <= limit, the very last > last limit
 Total number of values       23309
                                                       OBSERVATION
                                    396      181       66       51       11       17       42       59        6 |       829
                                    250      235      109       66       27       30       25       26        4 |       772
                                    195      372      562      279       76       50       40       23        3 |      1600
                                    162      298      903     1559      433      245      111       58        9 |      3778
                         Tegen      134      158      285     1146     1403      798      221      137       39 |      4321
                                     86       91      122      345      695     1328      316      149       63 |      3195
                                     57       68       79      188      165      408      343       86       30 |      1424
                                     34       51       54      133      119      128      225      371       45 |      1160
                                    239      211      399     1006      968     1223      653      807      724 |      6230

                    SUM            1553     1665     2579     4773     3897     4227     1976     1716      923 |     23309
                                                       OBSERVATION
                                    431      163       58       44       17       25       27       56        6 |       827
                                    230      235      108       61       27       30       27       23        3 |       744
                                    189      377      541      265       57       58       34       24        5 |      1550
                                    153      288      906     1526      415      240      109       66       12 |      3715
                       CAMSMMR      123      162      286     1187     1430      779      226      148       42 |      4383
                                     82       93      121      346      693     1293      321      152       55 |      3156
                                     48       64       67      186      178      422      356      104       36 |      1461
                                     40       51       61      137      128      113      242      360       51 |      1183
                                    257      232      431     1021      952     1267      634      783      713 |      6290

                    SUM            1553     1665     2579     4773     3897     4227     1976     1716      923 |     23309
                                                       OBSERVATION
                                    399      147       63       40       11       18       29       39        8 |       754
                                    231      224      124       62       20       29       20       21        2 |       733
                                    184      392      496      261       58       72       41       15        5 |      1524
                                    142      320      909     1467      480      249       93       58       11 |      3729
                       CAMSNRT      113      112      265     1143     1307      760      224      125       47 |      4096
                                     84       85      106      261      620     1126      309      131       48 |      2770
                                     40       44       62      155      155      358      298       95       25 |      1232
                                     49       56       63      147      125      121      232      327       35 |      1155
                                    311      285      491     1237     1121     1494      730      905      742 |      7316

                    SUM            1553     1665     2579     4773     3897     4227     1976     1716      923 |     23309

