 <pre>

 Contingency table for Cloud cover (octas)
 Selection: ALL     44 stations
Period: 20180601-20180614
Used {00,12} + 01 02 ... 24
 Limits   0.500000000       1.50000000       2.50000000       3.50000000       4.50000000       5.50000000       6.50000000       7.50000000    
 Each class is data <= limit, the very last > last limit
 Total number of values       14586
                                                       OBSERVATION
                                     55      587      247      156       98       76       70       83       27 |      1399
                                     12      187      125      100       66       63       91       96       53 |       793
                                      8      115       79       77       56       55       68       84       32 |       574
                                      0       66       63       52       46       46       63       79       34 |       449
                         Tegen        8       83       56       57       40       55       56      108       38 |       501
                                      7       64       48       69       55       67       82      123       70 |       585
                                      9       66       50       78       57       83       96      174       83 |       696
                                      6       98       75       83       78      125      164      340      182 |      1151
                                     13      182      148      219      258      375      695     2742     3806 |      8438

                    SUM             118     1448      891      891      754      945     1385     3829     4325 |     14586
                                                       OBSERVATION
                                     54      592      243      155       88       81       59       72       27 |      1371
                                     18      184      116       98       61       72      100      109       47 |       805
                                      6      117       96       76       55       55       63       85       36 |       589
                                      1       62       49       60       53       59       65       79       39 |       467
                       CAMSMMR        8       76       47       58       51       41       74      109       56 |       520
                                      5       51       53       63       36       64       68      117       53 |       510
                                      7       81       67       60       52       65       99      155      101 |       687
                                      5       86       71       93       84      120      161      349      174 |      1143
                                     14      199      149      228      274      388      696     2754     3792 |      8494

                    SUM             118     1448      891      891      754      945     1385     3829     4325 |     14586
                                                       OBSERVATION
                                     51      632      277      177      108       88       88      104       37 |      1562
                                     16      183      115       98       65       67       73      120       51 |       788
                                     11      103       75       72       75       66       69       91       51 |       613
                                      4       75       56       52       41       59       72      100       47 |       506
                       CAMSNRT        5       68       54       65       44       60       74      123       55 |       548
                                      7       73       46       62       55       68       91      146       66 |       614
                                      8       74       65       75       66       72      114      210      122 |       806
                                      3       85       72       90       73      101      161      388      192 |      1165
                                     13      155      131      200      227      364      643     2547     3704 |      7984

                    SUM             118     1448      891      891      754      945     1385     3829     4325 |     14586

