 <pre>

 Contingency table for Rh2m (%)
 Selection: ALL    160 stations
Period: 20180601-20180614
Used {00} + 01 02 ... 24
 Limits    30.0000000       50.0000000       65.0000000       75.0000000       85.0000000       95.0000000       100.000000    
 Each class is data <= limit, the very last > last limit
 Total number of values       51974
                                              OBSERVATION
                                      0        0        0        0        0        0        0        0 |         0
                                      2      281      191       30        3        0        0        0 |       507
                                      0      694     2908     1535      386       50        4        0 |      5577
                         Tegen        0      105     2238     4126     2839      627       27        0 |      9962
                                      0        7      549     2475     5900     4053      464        0 |     13448
                                      0        3      104      593     2947     8165     3463        0 |     15275
                                      0        0        4       54      322     2179     4237        0 |      6796
                                      0        0        0        0        2       40      367        0 |       409

                    SUM               2     1090     5994     8813    12399    15114     8562        0 |     51974
                                              OBSERVATION
                                      0        0        0        0        0        0        0        0 |         0
                                      2      272      195       35        8        0        0        0 |       512
                                      0      689     2888     1544      383       45        3        0 |      5552
                       CAMSMMR        0      117     2230     4176     2899      651       28        0 |     10101
                                      0       11      559     2455     5960     4181      463        0 |     13629
                                      0        1      112      545     2842     8072     3527        0 |     15099
                                      0        0       10       58      303     2128     4209        0 |      6708
                                      0        0        0        0        4       37      332        0 |       373

                    SUM               2     1090     5994     8813    12399    15114     8562        0 |     51974
                                              OBSERVATION
                                      0        0        0        0        0        0        0        0 |         0
                                      2      264      185       31       12        0        0        0 |       494
                                      0      700     2912     1539      390       59        2        0 |      5602
                       CAMSNRT        0      116     2218     4091     2826      589       25        0 |      9865
                                      0       10      554     2527     5796     3922      494        0 |     13303
                                      0        0      114      581     3045     8233     3451        0 |     15424
                                      0        0       11       44      326     2286     4252        0 |      6919
                                      0        0        0        0        4       25      338        0 |       367

                    SUM               2     1090     5994     8813    12399    15114     8562        0 |     51974

