 <pre>

 Contingency table for Cloud base (m)
 Selection: ALL    144 stations
Period: 20180601-20180614
Used {12} + 03 06 09 12 15 18 21 24
 Limits    70.0000000       150.000000       300.000000       600.000000       1000.00000       1500.00000       2500.00000       5000.00000    
 Each class is data <= limit, the very last > last limit
 Total number of values       11640
                                                       OBSERVATION
                                    166       90       37       19        6        8       23       34        3 |       386
                                    106      118       51       33       14       12       10       12        2 |       358
                                     97      180      271      142       37       25       16       13        2 |       783
                                     74      127      432      791      216      124       61       24        4 |      1853
                         Tegen       56       80      140      573      712      390      110       64       20 |      2145
                                     42       58       60      171      363      701      165       70       29 |      1659
                                     21       25       40       88       86      199      162       39       14 |       674
                                     14       22       21       64       48       69      122      187       26 |       573
                                    115      108      214      522      501      650      313      411      375 |      3209

                    SUM             691      808     1266     2403     1983     2178      982      854      475 |     11640
                                                       OBSERVATION
                                    181       78       31       21        8        9       15       29        3 |       375
                                     97      115       55       28       13       15       12       10        0 |       345
                                     93      180      248      133       28       36       16       17        3 |       754
                                     64      146      443      760      220      122       46       28        6 |      1835
                       CAMSMMR       59       74      141      597      711      398      124       73       20 |      2197
                                     36       52       65      172      345      663      150       66       28 |      1577
                                     22       25       31      105      102      220      166       48       19 |       738
                                     23       27       26       71       50       55      127      177       26 |       582
                                    116      111      226      516      506      660      326      406      370 |      3237

                    SUM             691      808     1266     2403     1983     2178      982      854      475 |     11640
                                                       OBSERVATION
                                    170       74       40       19        5        6       13       20        4 |       351
                                     99      106       57       27       10       15       14       10        1 |       339
                                     85      190      239      124       31       36       18        6        1 |       730
                                     62      146      445      739      250      130       45       32        7 |      1856
                       CAMSNRT       49       57      125      578      674      394      114       60       23 |      2074
                                     37       43       54      135      302      586      161       64       27 |      1409
                                     12       20       28       73       79      183      141       47       11 |       594
                                     23       31       25       74       59       64      123      148       17 |       564
                                    154      141      253      634      573      764      353      467      384 |      3723

                    SUM             691      808     1266     2403     1983     2178      982      854      475 |     11640

