 <pre>

 Contingency table for Low clouds (octas)
 Selection: Ireland     27 stations
Period: 20180601-20180614
Used {00,12} + 01 02 ... 24
 Limits    1.00000000       2.00000000       3.00000000       4.00000000       5.00000000       6.00000000       7.00000000    
 Each class is data <= limit, the very last > last limit
 Total number of values       14899
                                              OBSERVATION
                                   1249       97      130       82       79       62      238      135 |      2072
                                    282       51       60       48       58       42      125       95 |       761
                                    194       45       42       33       49       31      124       89 |       607
                         Tegen      190       51       38       43       38       31      126       79 |       596
                                    170       46       54       45       67       43      155      112 |       692
                                    183       46       58       45       61       45      205      131 |       774
                                    224       66       97       76       92       74      337      242 |      1208
                                    810      351      499      372      513      528     2796     2320 |      8189

                    SUM            3302      753      978      744      957      856     4106     3203 |     14899
                                              OBSERVATION
                                   1367      128      141      106      101       77      270      164 |      2354
                                    276       53       60       49       67       42      136       96 |       779
                                    199       44       55       38       37       48      122       96 |       639
                       CAMSMMR      171       34       49       36       47       33      126       95 |       591
                                    147       47       53       35       54       38      158      118 |       650
                                    160       41       59       46       58       48      169      132 |       713
                                    220       70      108       69       76       68      322      227 |      1160
                                    762      336      453      365      517      502     2803     2275 |      8013

                    SUM            3302      753      978      744      957      856     4106     3203 |     14899
                                              OBSERVATION
                                   1444      138      183      104      119      123      374      246 |      2731
                                    285       57       59       62       65       40      173      117 |       858
                                    204       54       51       38       51       32      154      126 |       710
                       CAMSNRT      155       37       57       47       57       40      154      106 |       653
                                    155       43       64       38       45       32      150      109 |       636
                                    159       58       59       42       67       55      217      142 |       799
                                    212       62       73       73       93       76      375      244 |      1208
                                    688      304      432      340      460      458     2509     2113 |      7304

                    SUM            3302      753      978      744      957      856     4106     3203 |     14899

