 <pre>

 Contingency table for Rh2m (%)
 Selection: Ireland     28 stations
Period: 20180601-20180614
Used {00,12} + 01 02 ... 24
 Limits    30.0000000       50.0000000       65.0000000       75.0000000       85.0000000       95.0000000       100.000000    
 Each class is data <= limit, the very last > last limit
 Total number of values       18784
                                              OBSERVATION
                                      0        0        0        0        0        0        0        0 |         0
                                      0       23       48        7        0        0        0        0 |        78
                                      0      125      766      615      142       21        2        0 |      1671
                         Tegen        0       37      792     1501     1013      193       14        0 |      3550
                                      0        3      199     1038     2330     1466      163        0 |      5199
                                      0        0       46      318     1262     3029     1088        0 |      5743
                                      0        0        3       36      135      832     1384        0 |      2390
                                      0        0        0        0        0       25      128        0 |       153

                    SUM               0      188     1854     3515     4882     5566     2779        0 |     18784
                                              OBSERVATION
                                      0        0        0        0        0        0        0        0 |         0
                                      0       24       43        4        3        0        0        0 |        74
                                      0      114      755      593      112       11        2        0 |      1587
                       CAMSMMR        0       43      780     1536     1019      184       12        0 |      3574
                                      0        3      211     1056     2274     1453      145        0 |      5142
                                      0        4       57      296     1343     3024     1120        0 |      5844
                                      0        0        8       30      131      871     1379        0 |      2419
                                      0        0        0        0        0       23      121        0 |       144

                    SUM               0      188     1854     3515     4882     5566     2779        0 |     18784
                                              OBSERVATION
                                      0        0        0        0        0        0        0        0 |         0
                                      0       16       45        2        4        0        0        0 |        67
                                      0      122      744      560      129       15        2        0 |      1572
                       CAMSNRT        0       44      798     1453      862      169        7        0 |      3333
                                      0        5      205     1131     2127     1171      135        0 |      4774
                                      0        1       54      339     1576     3196     1025        0 |      6191
                                      0        0        8       30      184      998     1499        0 |      2719
                                      0        0        0        0        0       17      111        0 |       128

                    SUM               0      188     1854     3515     4882     5566     2779        0 |     18784

