 <pre>

 Contingency table for Low clouds (octas)
 Selection: ALL    144 stations
Period: 20180601-20180614
Used {00} + 01 02 ... 24
 Limits    1.00000000       2.00000000       3.00000000       4.00000000       5.00000000       6.00000000       7.00000000    
 Each class is data <= limit, the very last > last limit
 Total number of values       36981
                                              OBSERVATION
                                   4099      613      492      377      339      343      812      809 |      7884
                                    601      166      146      126      143      116      251      295 |      1844
                                    441      138      127       88      105       99      256      252 |      1506
                         Tegen      420      152      138      111      118       79      256      247 |      1521
                                    384      126      132      129      125      102      267      307 |      1572
                                    368      140      161      154      117      113      352      324 |      1729
                                    517      224      237      182      202      224      597      608 |      2791
                                   1695     1065     1035      930     1038     1283     4308     6780 |     18134

                    SUM            8525     2624     2468     2097     2187     2359     7099     9622 |     36981
                                              OBSERVATION
                                   4118      608      506      398      370      330      826      833 |      7989
                                    626      173      154      102      120      122      251      302 |      1850
                                    478      120      129      100       97      108      229      270 |      1531
                       CAMSMMR      388      126      142      110      101       75      256      272 |      1470
                                    384      130      120       92      116      104      257      257 |      1460
                                    392      137      135      142      133      127      338      321 |      1725
                                    487      239      240      173      187      217      576      595 |      2714
                                   1652     1091     1042      980     1063     1276     4366     6772 |     18242

                    SUM            8525     2624     2468     2097     2187     2359     7099     9622 |     36981
                                              OBSERVATION
                                   4404      691      567      432      407      416      967     1051 |      8935
                                    625      191      188      146      141      119      339      330 |      2079
                                    472      149      146      102      104      111      268      276 |      1628
                       CAMSNRT      372      122      113      107      105      107      277      292 |      1495
                                    343      125      151      106      118      123      294      307 |      1567
                                    361      165      147      127      160      126      371      380 |      1837
                                    497      231      210      178      200      225      653      616 |      2810
                                   1451      950      946      899      952     1132     3930     6370 |     16630

                    SUM            8525     2624     2468     2097     2187     2359     7099     9622 |     36981

