 <pre>

 Contingency table for Cloud cover (octas)
 Selection: ALL     42 stations
Period: 20180601-20180614
Used {12} + 01 02 ... 24
 Limits   0.500000000       1.50000000       2.50000000       3.50000000       4.50000000       5.50000000       6.50000000       7.50000000    
 Each class is data <= limit, the very last > last limit
 Total number of values        7274
                                                       OBSERVATION
                                     31      289      128       75       43       38       35       44       14 |       697
                                     10      100       60       43       38       33       39       43       24 |       390
                                      3       55       36       38       31       25       36       52       18 |       294
                                      0       33       27       29       25       28       35       36       10 |       223
                         Tegen        2       36       31       27       23       32       33       53       17 |       254
                                      3       33       27       43       26       33       46       67       33 |       311
                                      4       39       29       33       30       45       52       84       36 |       352
                                      5       53       37       47       37       56       79      177       91 |       582
                                      4       91       75      113      126      188      355     1387     1832 |      4171

                    SUM              62      729      450      448      379      478      710     1943     2075 |      7274
                                                       OBSERVATION
                                     30      304      124       73       40       33       25       39       11 |       679
                                     13       94       48       42       34       41       48       47       19 |       386
                                      2       58       49       37       32       36       44       46       16 |       320
                                      1       34       31       36       29       31       32       36       12 |       242
                       CAMSMMR        4       37       29       24       25       19       35       56       24 |       253
                                      2       21       32       33       16       34       45       62       27 |       272
                                      3       51       36       32       23       34       54       68       46 |       347
                                      2       44       35       45       51       57       81      187       80 |       582
                                      5       86       66      126      129      193      346     1402     1840 |      4193

                    SUM              62      729      450      448      379      478      710     1943     2075 |      7274
                                                       OBSERVATION
                                     31      319      138       83       50       44       41       50       13 |       769
                                      8       84       56       45       40       33       41       54       24 |       385
                                      6       60       42       34       35       34       39       51       24 |       325
                                      3       39       28       28       28       29       33       48       25 |       261
                       CAMSNRT        2       37       28       31       26       34       43       62       28 |       291
                                      3       34       27       32       31       38       43       73       26 |       307
                                      3       46       34       44       28       40       59      115       53 |       422
                                      0       38       38       48       35       49       80      203      101 |       592
                                      6       72       59      103      106      177      331     1287     1781 |      3922

                    SUM              62      729      450      448      379      478      710     1943     2075 |      7274

