 <pre>

 Contingency table for Low clouds (octas)
 Selection: Ireland     27 stations
Period: 20180601-20180614
Used {12} + 01 02 ... 24
 Limits    1.00000000       2.00000000       3.00000000       4.00000000       5.00000000       6.00000000       7.00000000    
 Each class is data <= limit, the very last > last limit
 Total number of values        7465
                                              OBSERVATION
                                    629       50       72       43       43       27      135       74 |      1073
                                    153       21       35       20       24       17       70       48 |       388
                                    107       17       19       16       27       15       70       37 |       308
                         Tegen       84       23       20       14       19       16       61       38 |       275
                                     86       24       29       22       31       21       84       45 |       342
                                     89       23       26       24       31       24      108       71 |       396
                                    109       35       48       38       47       36      165      123 |       601
                                    376      187      255      200      262      280     1388     1134 |      4082

                    SUM            1633      380      504      377      484      436     2081     1570 |      7465
                                              OBSERVATION
                                    691       66       73       51       50       44      148       85 |      1208
                                    145       29       37       26       38       14       81       44 |       414
                                     87       24       32       20       23       21       64       44 |       315
                       CAMSMMR       84       15       21       16       30       26       62       39 |       293
                                     72       22       27       19       21       18       79       52 |       310
                                     73       23       29       27       30       25       84       71 |       362
                                    109       34       54       32       40       34      169      118 |       590
                                    372      167      231      186      252      254     1394     1117 |      3973

                    SUM            1633      380      504      377      484      436     2081     1570 |      7465
                                              OBSERVATION
                                    721       77       99       44       62       62      199      133 |      1397
                                    142       22       30       29       33       22       95       65 |       438
                                    116       25       25       24       26       12       88       63 |       379
                       CAMSNRT       80       19       27       30       28       26       89       38 |       337
                                     75       26       30       22       23       17       83       46 |       322
                                     76       25       32       23       27       31      113       64 |       391
                                     87       27       36       34       50       38      175      135 |       582
                                    336      159      225      171      235      228     1239     1026 |      3619

                    SUM            1633      380      504      377      484      436     2081     1570 |      7465

