 <pre>

 Contingency table for Cloud cover (octas)
 Selection: ALL     44 stations
Period: 20180601-20180614
Used {00} + 01 02 ... 24
 Limits   0.500000000       1.50000000       2.50000000       3.50000000       4.50000000       5.50000000       6.50000000       7.50000000    
 Each class is data <= limit, the very last > last limit
 Total number of values        7312
                                                       OBSERVATION
                                     24      298      119       81       55       38       35       39       13 |       702
                                      2       87       65       57       28       30       52       53       29 |       403
                                      5       60       43       39       25       30       32       32       14 |       280
                                      0       33       36       23       21       18       28       43       24 |       226
                         Tegen        6       47       25       30       17       23       23       55       21 |       247
                                      4       31       21       26       29       34       36       56       37 |       274
                                      5       27       21       45       27       38       44       90       47 |       344
                                      1       45       38       36       41       69       85      163       91 |       569
                                      9       91       73      106      132      187      340     1355     1974 |      4267

                    SUM              56      719      441      443      375      467      675     1886     2250 |      7312
                                                       OBSERVATION
                                     24      288      119       82       48       48       34       33       16 |       692
                                      5       90       68       56       27       31       52       62       28 |       419
                                      4       59       47       39       23       19       19       39       20 |       269
                                      0       28       18       24       24       28       33       43       27 |       225
                       CAMSMMR        4       39       18       34       26       22       39       53       32 |       267
                                      3       30       21       30       20       30       23       55       26 |       238
                                      4       30       31       28       29       31       45       87       55 |       340
                                      3       42       36       48       33       63       80      162       94 |       561
                                      9      113       83      102      145      195      350     1352     1952 |      4301

                    SUM              56      719      441      443      375      467      675     1886     2250 |      7312
                                                       OBSERVATION
                                     20      313      139       94       58       44       47       54       24 |       793
                                      8       99       59       53       25       34       32       66       27 |       403
                                      5       43       33       38       40       32       30       40       27 |       288
                                      1       36       28       24       13       30       39       52       22 |       245
                       CAMSNRT        3       31       26       34       18       26       31       61       27 |       257
                                      4       39       19       30       24       30       48       73       40 |       307
                                      5       28       31       31       38       32       55       95       69 |       384
                                      3       47       34       42       38       52       81      185       91 |       573
                                      7       83       72       97      121      187      312     1260     1923 |      4062

                    SUM              56      719      441      443      375      467      675     1886     2250 |      7312

