 <pre>

 Contingency table for Low clouds (octas)
 Selection: ALL    144 stations
Period: 20180601-20180614
Used {00,12} + 01 02 ... 24
 Limits    1.00000000       2.00000000       3.00000000       4.00000000       5.00000000       6.00000000       7.00000000    
 Each class is data <= limit, the very last > last limit
 Total number of values       74066
                                              OBSERVATION
                                   8427     1268     1052      788      734      712     1640     1683 |     16304
                                   1280      339      304      248      272      229      548      579 |      3799
                                    879      259      235      190      197      194      504      488 |      2946
                         Tegen      788      299      259      230      211      170      504      475 |      2936
                                    711      256      260      248      221      207      567      557 |      3027
                                    745      285      309      285      258      236      706      673 |      3497
                                    965      440      444      367      391      420     1160     1226 |      5413
                                   3294     2187     2164     1905     2156     2588     8625    13225 |     36144

                    SUM           17089     5333     5027     4261     4440     4756    14254    18906 |     74066
                                              OBSERVATION
                                   8381     1251     1049      823      741      692     1679     1713 |     16329
                                   1262      355      323      215      273      249      550      586 |      3813
                                    922      276      270      195      187      217      456      500 |      3023
                       CAMSMMR      804      251      259      214      204      177      513      529 |      2951
                                    717      265      259      213      219      209      550      559 |      2991
                                    775      286      282      289      258      264      654      642 |      3450
                                    950      458      450      346      394      415     1167     1176 |      5356
                                   3278     2191     2135     1966     2164     2533     8685    13201 |     36153

                    SUM           17089     5333     5027     4261     4440     4756    14254    18906 |     74066
                                              OBSERVATION
                                   8892     1442     1182      882      839      841     1949     2120 |     18147
                                   1269      366      354      305      281      252      691      678 |      4196
                                    940      297      286      214      206      206      553      597 |      3299
                       CAMSNRT      768      261      245      233      216      214      562      538 |      3037
                                    706      280      305      218      226      257      610      568 |      3170
                                    687      312      294      258      303      255      807      720 |      3636
                                    946      461      429      351      392      441     1282     1301 |      5603
                                   2881     1914     1932     1800     1977     2290     7800    12384 |     32978

                    SUM           17089     5333     5027     4261     4440     4756    14254    18906 |     74066

