 <pre>

 Contingency table for Rh2m (%)
 Selection: ALL    160 stations
Period: 20180601-20180614
Used {00,12} + 01 02 ... 24
 Limits    30.0000000       50.0000000       65.0000000       75.0000000       85.0000000       95.0000000       100.000000    
 Each class is data <= limit, the very last > last limit
 Total number of values      103956
                                              OBSERVATION
                                      0        0        0        0        0        0        0        0 |         0
                                      4      603      362       54        6        0        0        0 |      1029
                                      0     1402     6098     3065      738       91        4        0 |     11398
                         Tegen        0      199     4450     8522     5847     1260       76        0 |     20354
                                      0       20     1089     4941    11964     8219      957        0 |     27190
                                      0        3      190     1149     5990    16423     6641        0 |     30396
                                      0        0        9       93      594     4242     7845        0 |     12783
                                      0        0        0        0        2       76      728        0 |       806

                    SUM               4     2227    12198    17824    25141    30311    16251        0 |    103956
                                              OBSERVATION
                                      0        0        0        0        0        0        0        0 |         0
                                      4      602      376       56        8        0        0        0 |      1046
                                      0     1381     6063     3117      739       78        3        0 |     11381
                       CAMSMMR        0      213     4464     8595     6008     1321       75        0 |     20676
                                      0       24     1065     4897    11982     8494      962        0 |     27424
                                      0        7      211     1068     5823    16240     6816        0 |     30165
                                      0        0       19       91      576     4113     7752        0 |     12551
                                      0        0        0        0        5       65      643        0 |       713

                    SUM               4     2227    12198    17824    25141    30311    16251        0 |    103956
                                              OBSERVATION
                                      0        0        0        0        0        0        0        0 |         0
                                      4      591      385       48       13        0        0        0 |      1041
                                      0     1386     6072     3119      754      103        3        0 |     11437
                       CAMSNRT        0      222     4428     8428     5765     1203       64        0 |     20110
                                      0       27     1081     5008    11812     7837      958        0 |     26723
                                      0        1      215     1142     6163    16710     6651        0 |     30882
                                      0        0       17       79      630     4404     7892        0 |     13022
                                      0        0        0        0        4       54      683        0 |       741

                    SUM               4     2227    12198    17824    25141    30311    16251        0 |    103956

